2504
924
3063
3079
591
867
1898
3382
161
407
3895
3674
4516
2488
936
719
4409
1860
729
3135
4521
3782
2151
4960
3067
762
1474
4243
3857
1285
3080
2760
2078
4121
3405
4325
4732
2776
1673
3760
4783
1189
4585
2580
838
2511
1772
4708
612
824
3418
1222
1926
4857
1243
4807
4456
2313
1395
1567
4160
3561
4315
3607
1776
2815
81
1023
4542
4464
4010
250
742
643
3681
1997
3794
4591
62
3819
4385
4890
919
1244
1440
2535
4666
1113
4855
3036
401
552
3643
3821
2783
4852
2974
4515
723
2763
4285
4507
3092
4440
4028
241
4874
1659
3972
4063
1977
3706
4198
2202
2964
4261
1170
4340
4143
1561
3827
3011
1421
2715
2691
1323
1336
3490
562
441
965
2249
967
4406
2257
775
3995
4560
4194
4834
2290
793
3758
1694
146
3243
4970
1100
3234
1465
4884
2998
2996
936
4537
1847
4742
1431
1585
299
3713
2920
1921
2337
470
866
4393
1302
1537
3225
4310
4721
4928
1020
2294
4448
2636
2209
3197
3962
4260
1134
1595
340
3475
3947
1613
2360
886
4065
2504
904
2568
2849
981
3772
1181
14
2224
30
186
1720
2472
2597
1576
1612
2068
4317
1887
2679
10
3876
684
3887
3511
1288
4073
2264
4743
2293
2599
2867
169
1662
1517
388
1361
1208
4540
4216
1230
2378
3829
1146
838
518
2746
4896
2116
2310
2085
2613
1278
2415
680
1527
3003
76
1268
3784
277
286
3449
3379
1089
1629
860
4166
997
3048
1269
2907
983
2335
3847
2132
3858
2002
3917
4556
3037
3604
14
3917
1157
3410
4097
1396
385
3381
2811
3940
737
1515
681
3475
1408
3211
3502
1913
1441
1799
4187
4120
456
3651
3924
1992
3257
3554
4195
4259
1111
1072
947
4662
1188
740
104
2435
4145
4961
4804
1644
3710
4027
1920
2475
4893
700
3563
792
494
264
1680
4597
4267
1868
3990
4610
2691
4257
939
4983
177
4102
958
94
623
861
2143
2904
2239
1359
1093
4948
4815
1846
390
348
4102
4685
177
963
1698
2645
637
4516
548
3634
4693
3188
2535
2023
4398
1524
2409
3049
1065
3205
4445
376
1962
2664
4355
4263
2803
1768
3783
710
3419
4788
838
212
900
753
3517
3694
4795
3309
1359
4346
4829
3482
487
1313
2513
197
85
1458
31
2309
1905
2360
3682
2060
4376
678
3098
383
2710
2483
2800
463
2335
1664
472
2746
647
4387
3924
1712
4690
2031
4375
2440
1152
3084
372
2551
2736
3515
3115
3795
3223
2496
2393
1939
1161
4983
4239
1141
2105
166
2631
3595
1955
4082
3801
4096
1221
4035
2835
19
2818
1861
4014
1312
178
4879
3714
4583
1400
3721
4376
1817
2752
1887
2480
790
1451
4892
329
86
4774
292
3092
3759
1947
931
3895
3386
2899
2320
3145
3207
4850
3950
440
185
2867
60
1996
4011
4992
1287
1588
3949
2714
85
1919
526
2135
3957
3652
4273
3151
1666
3569
2494
1071
4639
2236
2665
3161
2609
1647
3547
3433
1193
4679
2033
3285
2170
2071
400
2368
382
2419
1270
554
4987
4261
3863
847
2782
2989
2047
62
2826
4098
1705
673
402
559
1914
1940
1819
4060
822
2926
1080
4623
2979
1746
2267
4176
421
246
3976
1724
4481
874
184
566
1960
314
2495
2371
4346
2131
3372
2493
4702
3071
2419
4765
3005
41
1608
4913
2458
2199
1889
3224
3769
4029
470
4895
2300
4731
4497
983
3097
1572
4065
2836
2335
2152
835
2753
1211
1761
1164
1845
968
2432
4846
332
4026
3633
4045
4775
2979
4362
4045
3914
4420
698
4230
769
4857
2468
3037
4125
115
2352
1188
460
4435
4298
4015
2126
1739
1071
2189
3136
4599
4609
113
4183
4112
2552
191
928
1510
3952
4045
1780
2578
528
2997
4303
1239
4107
2270
4519
2771
324
4554
1694
1221
2472
862
2054
3310
1524
3092
2196
3075
4953
3535
4386
2404
267
4710
4628
2205
2860
1279
196
4358
3607
481
1584
2159
134
3614
655
1108
2198
2817
1315
1654
3897
2539
1900
1037
2396
2963
1101
4090
428
3515
3719
32
962
2525
1657
4672
2773
2877
3574
1661
546
3803
3425
3653
3176
3223
3478
2614
4111
815
3301
642
1159
3453
4311
1475
4169
522
473
4200
1762
1364
955
4587
889
969
3205
1502
4225
1454
2646
2084
2527
4197
1334
1063
1388
2957
3959
4757
1140
4366
308
2718
2277
384
3659
1610
2428
802
1796
3477
3735
2677
125
2343
1952
514
2810
4997
847
3888
3018
143
4615
3185
4757
3433
2766
3072
4806
3557
2974
1909
867
4824
2797
4303
1639
1629
30
1655
473
1151
4798
4188
2468
2005
3797
2596
2226
573
3566
2119
3067
661
1803
3041
2542
591
2696
2763
4928
2304
2466
4337
216
2147
1461
1459
4202
3813
4107
3585
3219
718
3629
1295
2443
2351
3611
4912
3984
2678
4788
4187
2286
1212
860
23
3568
161
854
4323
3281
1744
4265
4099
2150
1400
3430
4160
2834
1067
2984
1793
2026
646
2453
1254
4406
750
1352
2344
2233
1926
4455
3770
233
3118
4413
4433
4459
2625
3164
1079
2349
1142
3026
3435
2030
4044
4226
1657
3162
4648
4700
2861
711
4898
2303
1680
2882
3612
3850
1069
3924
1336
1125
1017
3947
1893
2214
4599
2558
1036
4617
3977
2136
4359
4470
2370
1213
4016
4509
2161
734
3144
4848
4084
929
3783
2152
1155
1020
3625
4985
2559
4622
744
779
2768
2499
3786
2088
2612
4627
3622
4216
1922
4381
1670
275
4373
2505
3751
18
1007
3304
1964
1484
2606
2901
487
4390
487
4785
3587
310
1368
3611
4935
2947
3926
2320
3991
75
3310
2766
1958
2379
2388
1657
2330
2525
2890
191
1403
1236
970
925
176
3823
1737
2187
4326
96
3353
3045
4234
4417
1751
2054
4739
3021
3126
